# Created by Octave 4.4.1, Sat Feb 15 17:03:56 2020 IST <niteshsinha@Niteshs-MacBook-Pro.local>
# name: v
# type: matrix
# rows: 1
# columns: 10
 2104 1600 2400 1416 3000 1985 1534 1427 1380 1494


